8 processors, 4 threads per processor, complexity 500000, A(2.000000, 1.000000), B(4.000000, 2.500000), C(6.000000, 0.750000)
R[0]: 9675.134684
R[1]: 6010.242449 2345.350215 
R[2]: 5115.802808 4221.363167 4846.700818 
R[3]: 4893.572635 4671.342462 4821.335560 4817.711951 
R[4]: 4838.101611 4782.630586 4819.726628 4819.496781 4819.615769 
R[5]: 4824.239266 4810.376922 4819.625701 4819.611283 4819.618916 4819.619018 
R[6]: 4820.774019 4817.308771 4819.619387 4819.618485 4819.618965 4819.618967 4819.618966 
R[7]: 4819.907728 4819.041437 4819.618993 4819.618936 4819.618966 4819.618966 4819.618966 4819.618966 

WARMUP=2.784570
2.763859
2.783225
2.781835
2.781147
2.778218
min_time=2.763859
mpi_processes=8
openmp_threads=4