Level 0 Result: 9675.1346842448

R[1] = 6010.242449 2345.350215 
R[2] = 5115.802808 4221.363167 4846.700818 
R[3] = 4893.572635 4671.342462 4821.335560 4817.711951 
R[4] = 4838.101611 4782.630586 4819.726628 4819.496781 4819.615769 
R[5] = 4824.239266 4810.376922 4819.625701 4819.611283 4819.618916 4819.619018 
R[6] = 4820.774019 4817.308771 4819.619387 4819.618485 4819.618965 4819.618967 4819.618966 
R[7] = 4819.907728 4819.041437 4819.618993 4819.618936 4819.618966 4819.618966 4819.618966 4819.618966 
Processes: 32 | Time: 28.767502 seconds
