Area is 3.250000
m=0  nm=1.000000 triangles=1 edge_count (excluding vertices)=0  interior_count=0
R[0][0] = 9675.134684

m=1  nm=2.000000 triangles=4 edge_count (excluding vertices)=3  interior_count=0
R[1][0] = 6010.242449

m=2  nm=4.000000 triangles=16 edge_count (excluding vertices)=9  interior_count=3
R[2][0] = 5115.802808

m=3  nm=8.000000 triangles=64 edge_count (excluding vertices)=21  interior_count=21
R[3][0] = 4893.572635

m=4  nm=16.000000 triangles=256 edge_count (excluding vertices)=45  interior_count=105
R[4][0] = 4838.101611

m=5  nm=32.000000 triangles=1024 edge_count (excluding vertices)=93  interior_count=465
R[5][0] = 4824.239266

m=6  nm=64.000000 triangles=4096 edge_count (excluding vertices)=189  interior_count=1953
R[6][0] = 4820.774019

m=7  nm=128.000000 triangles=16384 edge_count (excluding vertices)=381  interior_count=8001
R[7][0] = 4819.907728

R[0]: 9675.134684
R[1]: 6010.242449 2345.350215 
R[2]: 5115.802808 4221.363167 4846.700818 
R[3]: 4893.572635 4671.342462 4821.335560 4817.711951 
R[4]: 4838.101611 4782.630586 4819.726628 4819.496781 4819.615769 
R[5]: 4824.239266 4810.376922 4819.625701 4819.611283 4819.618916 4819.619018 
R[6]: 4820.774019 4817.308771 4819.619387 4819.618485 4819.618965 4819.618967 4819.618966 
R[7]: 4819.907728 4819.041437 4819.618993 4819.618936 4819.618966 4819.618966 4819.618966 4819.618966 
Time elapsed 7.669462, 32 processors, complexity 1000000, A(2.000000, 1.000000), B(4.000000, 2.500000), C(6.000000, 0.750000)